3 0.789 0.767 0.737
4 0.792 0.748 0.687
5 0.806 0.762 0.686
6 0.826 0.788 0.713
7 0.838 0.803 0.730
8 0.851 0.818 0.749
9 0.859 0.829 0.764
10 0.869 0.842 0.781
11 0.876 0.850 0.792
12 0.883 0.859 0.805
13 0.889 0.866 0.814
14 0.895 0.974 0.825
15 0.901 0.881 0.835
16 0.906 0.887 0.844
17 0.910 0.892 0.851
18 0.914 0.897 0.858
19 0.917 0.901 0.863
20 0.920 0.905 0.868
21 0.923 0.908 0.873
22 0.926 0.911 0.878
23 0.928 0.914 0.881
24 0.930 0.916 0.884
25 0.931 0.918 0.888
26 0.933 0.920 0.891
27 0.935 0.923 0.894
28 0.936 0.924 0.896
29 0.937 0.926 0.898
30 0.939 0.927 0.900
31 0.940 0.929 0.902
32 0.941 0.930 0.904
33 0.942 0.931 0.906
34 0.943 0.933 0.908
35 0.944 0.934 0.910
36 0.945 0.935 0.912
37 0.946 0.936 0.924
38 0.947 0.938 0.916
39 0.948 0.939 0.917
40 0.949 0.940 0.919
41 0.950 0.941 0.920
42 0.951 0.942 0.922
43 0.951 0.943 0.923
44 0.952 0.944 0.924
45 0.953 0.945 0.926
46 0.953 0.945 0.927
47 0.954 0.946 0.928
48 0.954 0.947 0.929
49 0.955 0.947 0.929
50 0.955 0.947 0.930
